1315 560
1320 560
1325 570
1330 570
1335 575
1340 580
1345 585
1350 590
1355 600
1360 605
1365 610
1370 615
1375 620
1380 625
1385 630
1390 635
1395 640
1400 645
1405 650
1410 655
1415 660
1420 665
1425 675
1430 680
1435 685
1440 690
1445 695
1450 700
1455 705
1460 710
1465 720
1480 735
1485 740
1490 745
1495 750
1500 755
1505 760
1520 780
1525 780
1530 785
2435 30
2440 35
2460 60
2465 65
2470 70
2475 75
2480 80
2485 85
2490 90
2495 95
2500 100
2505 105
2510 115
2585 825
2590 830
2595 835
2600 845
2605 850
2610 860
2615 865
2620 870
2625 880
