1575 130
1580 135
1585 140
1590 145
1595 150
1600 155
1605 160
1610 165
1615 170
1620 175
1625 185
1630 190
2455 400
3300 2360
3305 2360
3310 2365
3315 2370
3320 2375
3325 2380
3340 2395
3345 2400
3350 2405
3355 2410
3360 2415
3365 2420
3370 2425
3375 2425
3380 2430
3385 2435
3390 2440
3395 2445
3400 2450
3410 400
3415 410
3420 415
3425 420
3430 425
3435 430
3440 435
3445 440
3450 445
3455 450
3460 455
3465 460
3470 470
3475 475
3490 495
3495 500
3500 505
3505 515
3510 520
3515 525
3520 535
3525 565
3530 570
3535 575
3540 580
3545 585
3550 590
3555 595
3560 600
3565 605
3570 610
3575 620
3580 625
3585 630
3590 635
3595 640
3600 645
3605 655
3610 660
3615 665
3620 670
3625 680
3630 685
3635 690
3640 695
3645 700
3650 705
3655 715
3660 720
3665 725
3670 730
3675 735
3680 740
3685 745
3690 750
3695 755
3700 760
3705 765
3710 770
3715 775
3720 780
3725 790
3730 795
3735 800
3740 805
3745 810
3750 820
3755 825
3760 830
3765 840
3770 845
3775 850
3780 860
3785 865
3790 870
3795 875
3800 885
3815 900
3830 920
3835 925
3840 935
3845 940
4455 5
4460 10
4465 15
4470 20
4475 25
4480 30
4485 35
4490 45
4495 50
4500 55
4505 60
4510 65
4515 75
4520 80
4525 90
